iteration,latency (ms),total number of bytes sent,total number of bytes recv,tokens per expert
3,16.654272079467773,0,92150784,"[319, 341, 345, 303, 962, 164, 270, 762, 355, 472, 155, 1891, 331, 178, 352, 287, 292, 187, 280, 737, 289, 460, 323, 191, 227, 287, 347, 426, 406, 264, 318, 219, 350, 459, 190, 333, 193, 333, 2372, 393, 239, 171, 760, 201, 862, 3472, 311, 272, 405, 352, 361, 432, 8, 407, 293, 1054, 220, 605, 344, 945, 201, 402, 201, 116]"
4,16.690176010131836,0,92160000,"[278, 432, 326, 329, 1062, 183, 301, 771, 331, 456, 154, 1662, 328, 123, 331, 232, 264, 163, 269, 875, 294, 576, 356, 195, 233, 267, 318, 458, 402, 293, 360, 217, 368, 361, 191, 354, 192, 389, 2171, 372, 274, 170, 841, 189, 986, 3284, 356, 267, 341, 376, 338, 470, 9, 493, 268, 1027, 247, 613, 299, 987, 160, 399, 238, 131]"
5,16.59427261352539,0,92037120,"[403, 315, 372, 312, 1096, 156, 245, 652, 334, 598, 172, 1572, 325, 188, 405, 264, 241, 205, 286, 829, 287, 449, 320, 219, 276, 248, 334, 425, 470, 287, 337, 235, 373, 413, 179, 357, 202, 367, 2194, 371, 269, 144, 766, 269, 905, 3422, 381, 254, 397, 357, 366, 510, 10, 429, 338, 931, 203, 577, 364, 899, 211, 356, 189, 100]"
6,16.628416061401367,0,92160000,"[315, 349, 376, 314, 1154, 161, 315, 657, 311, 505, 159, 1773, 375, 130, 355, 248, 276, 219, 240, 803, 350, 450, 409, 180, 257, 284, 313, 449, 494, 294, 319, 223, 352, 423, 197, 329, 203, 390, 2136, 387, 279, 137, 935, 176, 895, 3242, 369, 235, 431, 337, 310, 499, 2, 443, 313, 1007, 213, 562, 285, 905, 207, 427, 225, 92]"
7,16.612895965576172,0,92049408,"[340, 316, 363, 315, 1041, 170, 297, 648, 333, 568, 171, 1750, 346, 124, 337, 215, 298, 184, 299, 784, 280, 514, 349, 190, 211, 343, 321, 404, 445, 298, 364, 220, 357, 476, 179, 376, 214, 399, 2166, 366, 250, 176, 822, 171, 863, 3478, 379, 225, 419, 377, 342, 475, 14, 400, 290, 1000, 202, 540, 355, 872, 211, 417, 205, 110]"
8,16.55855941772461,0,92110848,"[397, 381, 328, 331, 1198, 194, 312, 629, 287, 485, 177, 1697, 389, 149, 397, 253, 388, 205, 275, 878, 345, 461, 268, 195, 226, 281, 371, 391, 509, 303, 301, 224, 317, 423, 190, 329, 197, 355, 2022, 416, 286, 139, 758, 213, 984, 3270, 318, 230, 404, 291, 330, 517, 6, 358, 302, 1058, 244, 600, 336, 883, 248, 415, 216, 104]"
9,16.62006378173828,0,92126208,"[394, 392, 375, 280, 1032, 181, 325, 654, 319, 568, 180, 1642, 313, 145, 388, 220, 287, 213, 244, 792, 282, 513, 312, 184, 238, 234, 361, 407, 390, 293, 395, 265, 307, 402, 167, 371, 205, 337, 2233, 371, 327, 165, 833, 223, 946, 3572, 385, 244, 365, 350, 407, 429, 10, 369, 311, 1020, 173, 559, 328, 953, 173, 327, 192, 117]"
10,16.63007926940918,0,92052480,"[366, 331, 301, 307, 894, 169, 247, 650, 330, 523, 163, 1874, 306, 144, 342, 233, 272, 162, 259, 740, 275, 464, 302, 196, 238, 262, 311, 434, 365, 295, 341, 215, 313, 330, 175, 382, 189, 351, 2467, 388, 303, 162, 706, 235, 992, 3977, 345, 255, 351, 352, 337, 420, 15, 383, 295, 995, 203, 510, 319, 988, 184, 438, 201, 93]"
11,16.603424072265625,0,92086272,"[325, 389, 360, 347, 973, 191, 317, 680, 364, 449, 179, 1694, 379, 138, 341, 270, 281, 195, 268, 803, 300, 533, 313, 191, 240, 278, 345, 425, 455, 250, 309, 227, 343, 399, 196, 344, 210, 383, 2221, 379, 301, 134, 770, 212, 880, 3332, 371, 264, 459, 362, 314, 500, 13, 414, 322, 1053, 203, 560, 395, 901, 217, 386, 223, 106]"
12,16.60211181640625,0,92101632,"[330, 413, 319, 324, 1004, 185, 296, 719, 286, 504, 186, 1601, 345, 145, 362, 214, 272, 219, 276, 805, 299, 507, 330, 181, 216, 288, 344, 504, 498, 275, 351, 250, 337, 435, 176, 369, 203, 382, 2018, 399, 270, 187, 926, 274, 986, 3313, 352, 251, 427, 345, 292, 436, 12, 379, 342, 1004, 254, 524, 332, 930, 212, 447, 223, 96]"
13,16.606975555419922,0,92147712,"[272, 276, 357, 349, 1006, 182, 279, 680, 365, 471, 171, 1679, 232, 155, 350, 234, 306, 226, 245, 763, 307, 610, 330, 178, 252, 300, 367, 461, 389, 301, 371, 237, 350, 402, 164, 373, 224, 377, 2151, 389, 267, 159, 799, 234, 905, 3421, 390, 281, 412, 433, 366, 489, 9, 436, 309, 1145, 208, 503, 288, 918, 242, 335, 219, 97]"
14,16.676767349243164,0,92129280,"[336, 445, 328, 311, 1062, 223, 306, 713, 309, 512, 166, 1656, 317, 129, 373, 233, 262, 179, 216, 811, 334, 633, 274, 184, 239, 280, 397, 538, 404, 271, 360, 210, 379, 388, 180, 328, 196, 440, 2090, 359, 281, 133, 783, 213, 945, 3347, 321, 238, 426, 389, 382, 507, 10, 493, 298, 981, 220, 559, 282, 946, 207, 337, 214, 107]"
15,16.46361541748047,0,92055552,"[283, 348, 348, 281, 1117, 171, 300, 737, 336, 452, 223, 1649, 306, 153, 388, 228, 345, 202, 235, 784, 248, 515, 276, 185, 256, 303, 407, 409, 444, 259, 319, 215, 365, 381, 198, 342, 203, 443, 2122, 317, 250, 163, 834, 213, 892, 3404, 375, 259, 470, 403, 352, 545, 14, 411, 305, 1051, 286, 547, 326, 915, 191, 366, 198, 103]"
16,16.643808364868164,0,92120064,"[328, 376, 344, 284, 907, 166, 243, 709, 331, 498, 176, 1780, 338, 150, 368, 231, 300, 194, 265, 817, 253, 497, 317, 175, 241, 286, 320, 443, 372, 275, 326, 216, 377, 357, 169, 323, 201, 453, 2268, 320, 278, 163, 785, 206, 852, 3673, 355, 269, 407, 340, 367, 396, 9, 535, 344, 1032, 207, 520, 249, 980, 212, 504, 198, 112]"
17,16.654495239257812,0,92095488,"[319, 384, 351, 296, 879, 170, 315, 636, 304, 520, 157, 1737, 273, 147, 328, 256, 289, 200, 285, 820, 243, 499, 318, 204, 257, 256, 349, 407, 486, 267, 306, 272, 402, 426, 199, 347, 226, 374, 2297, 321, 270, 170, 821, 173, 860, 3541, 405, 301, 425, 423, 301, 429, 12, 483, 301, 1034, 207, 599, 320, 921, 207, 362, 186, 106]"
18,16.58697509765625,0,92015616,"[352, 356, 347, 303, 857, 194, 283, 635, 350, 574, 186, 1649, 365, 123, 354, 264, 266, 205, 289, 784, 278, 592, 332, 181, 285, 298, 326, 404, 504, 310, 309, 224, 320, 404, 175, 356, 223, 332, 2207, 410, 274, 154, 772, 281, 910, 3414, 392, 273, 419, 398, 310, 390, 18, 399, 345, 1076, 252, 568, 308, 846, 179, 434, 226, 109]"
19,16.606624603271484,0,92055552,"[353, 400, 401, 323, 1013, 193, 318, 666, 376, 563, 199, 1387, 331, 171, 399, 260, 311, 228, 287, 809, 312, 540, 321, 204, 255, 313, 424, 432, 456, 315, 342, 276, 362, 450, 202, 343, 223, 396, 1869, 364, 311, 180, 847, 199, 891, 2905, 376, 284, 382, 380, 373, 488, 19, 447, 347, 1156, 250, 611, 313, 869, 217, 382, 231, 121]"
20,16.60223960876465,0,92110848,"[310, 351, 359, 358, 1038, 207, 318, 809, 375, 473, 174, 1522, 353, 162, 358, 197, 324, 193, 286, 884, 255, 559, 357, 203, 219, 374, 368, 425, 377, 346, 377, 251, 390, 423, 177, 369, 233, 401, 1911, 400, 254, 171, 869, 183, 878, 3157, 355, 272, 346, 360, 389, 464, 8, 501, 323, 1039, 224, 623, 307, 871, 203, 370, 254, 97]"
21,16.672992706298828,0,92120064,"[318, 319, 309, 296, 864, 198, 277, 620, 359, 582, 190, 1791, 324, 126, 336, 194, 251, 189, 244, 716, 236, 587, 326, 173, 281, 329, 350, 459, 479, 251, 274, 205, 313, 385, 179, 311, 216, 350, 2329, 405, 298, 165, 823, 189, 1004, 3717, 391, 242, 354, 463, 329, 383, 5, 421, 296, 1014, 225, 629, 307, 899, 168, 395, 193, 136]"
22,16.58844757080078,0,92113920,"[348, 348, 383, 338, 1073, 149, 306, 738, 376, 599, 152, 1539, 332, 158, 380, 255, 276, 213, 280, 782, 269, 507, 381, 169, 268, 317, 320, 476, 343, 279, 330, 274, 351, 436, 201, 376, 183, 307, 2066, 342, 239, 163, 774, 155, 913, 3411, 380, 258, 388, 389, 300, 491, 11, 399, 356, 1069, 226, 590, 352, 883, 233, 431, 213, 141]"
23,16.64668846130371,0,92132352,"[277, 342, 371, 356, 932, 172, 315, 685, 420, 554, 203, 1780, 309, 150, 346, 201, 230, 233, 309, 765, 278, 455, 355, 214, 287, 318, 421, 394, 380, 311, 263, 278, 348, 392, 182, 353, 223, 307, 2301, 399, 297, 206, 744, 166, 879, 3370, 418, 311, 378, 365, 307, 413, 10, 434, 368, 1076, 192, 578, 310, 840, 192, 361, 249, 118]"
24,16.689695358276367,0,92012544,"[341, 376, 324, 275, 956, 145, 259, 657, 330, 509, 140, 1763, 263, 168, 346, 221, 237, 207, 262, 822, 288, 522, 338, 167, 217, 244, 403, 494, 506, 308, 324, 212, 351, 403, 176, 371, 214, 340, 2121, 325, 260, 151, 904, 202, 967, 3692, 334, 267, 380, 359, 323, 411, 8, 450, 318, 1022, 197, 610, 290, 911, 257, 399, 193, 122]"
25,16.634111404418945,0,92098560,"[326, 324, 357, 313, 769, 188, 295, 692, 377, 554, 169, 1747, 343, 206, 382, 251, 247, 195, 313, 764, 288, 545, 324, 203, 280, 328, 301, 432, 503, 310, 300, 234, 338, 465, 191, 362, 204, 269, 2259, 353, 322, 176, 786, 204, 873, 3563, 404, 310, 325, 381, 289, 425, 12, 379, 363, 1036, 228, 537, 330, 826, 168, 340, 265, 137]"
26,16.867647171020508,0,92098560,"[349, 361, 349, 340, 1074, 185, 294, 610, 263, 536, 170, 1757, 381, 106, 358, 199, 323, 208, 250, 812, 315, 509, 341, 179, 263, 229, 332, 374, 405, 317, 364, 239, 310, 383, 193, 338, 209, 361, 2168, 372, 237, 181, 757, 197, 895, 3595, 382, 216, 483, 314, 411, 491, 6, 430, 329, 1016, 246, 529, 325, 867, 224, 398, 226, 99]"
27,16.9833927154541,0,92000256,"[300, 332, 317, 283, 838, 193, 309, 702, 322, 482, 144, 1933, 407, 106, 284, 208, 327, 194, 217, 803, 241, 546, 249, 184, 270, 284, 299, 456, 349, 260, 357, 230, 338, 395, 175, 339, 203, 321, 2361, 340, 242, 166, 860, 213, 928, 3894, 340, 239, 371, 355, 348, 451, 6, 411, 306, 938, 246, 563, 305, 941, 253, 354, 214, 106]"
28,16.639455795288086,0,92077056,"[313, 299, 362, 340, 906, 174, 284, 721, 370, 606, 150, 1582, 347, 166, 345, 275, 221, 220, 254, 820, 250, 510, 341, 212, 283, 318, 349, 403, 512, 303, 339, 264, 337, 447, 189, 321, 186, 370, 2219, 326, 286, 178, 894, 147, 847, 3440, 378, 304, 373, 423, 303, 450, 13, 374, 309, 971, 265, 629, 336, 876, 205, 392, 206, 140]"
29,16.57689666748047,0,92126208,"[320, 391, 363, 301, 1042, 172, 300, 706, 308, 491, 143, 1778, 314, 113, 335, 249, 320, 195, 253, 828, 289, 449, 354, 198, 244, 305, 389, 432, 416, 346, 318, 222, 370, 369, 221, 381, 197, 416, 2158, 371, 238, 144, 781, 192, 962, 3441, 309, 257, 384, 330, 322, 463, 11, 451, 295, 1053, 237, 630, 287, 912, 180, 418, 236, 89]"
30,16.62646484375,0,92141568,"[316, 315, 360, 316, 975, 172, 260, 679, 363, 543, 168, 1748, 301, 158, 333, 193, 295, 192, 261, 809, 287, 518, 340, 180, 308, 323, 324, 432, 496, 295, 318, 237, 322, 418, 185, 390, 206, 358, 2264, 362, 255, 147, 862, 240, 943, 3230, 404, 237, 415, 337, 337, 513, 10, 466, 346, 1014, 250, 524, 334, 949, 192, 345, 204, 120]"
31,16.63145637512207,0,92138496,"[306, 477, 357, 299, 1064, 198, 331, 777, 304, 465, 189, 1467, 384, 158, 367, 221, 317, 204, 276, 840, 305, 552, 367, 214, 239, 291, 363, 476, 481, 300, 387, 247, 343, 411, 179, 397, 193, 406, 1851, 431, 305, 138, 829, 243, 957, 3114, 323, 226, 418, 365, 373, 412, 13, 484, 311, 1043, 173, 706, 308, 858, 210, 395, 251, 104]"
32,16.630464553833008,0,92123136,"[339, 362, 288, 273, 999, 166, 282, 610, 345, 603, 160, 1686, 384, 144, 357, 260, 266, 181, 239, 882, 280, 535, 300, 210, 258, 302, 329, 469, 447, 265, 319, 211, 346, 406, 183, 383, 232, 330, 2104, 352, 281, 149, 754, 162, 974, 3647, 282, 239, 408, 322, 318, 500, 12, 480, 314, 1050, 263, 625, 291, 1020, 178, 309, 213, 110]"
33,16.61782455444336,0,92092416,"[483, 310, 350, 273, 1000, 203, 255, 656, 285, 502, 167, 1770, 401, 129, 370, 244, 298, 207, 268, 848, 280, 506, 339, 207, 241, 285, 330, 401, 399, 340, 332, 241, 355, 428, 148, 331, 195, 362, 2094, 361, 298, 139, 834, 232, 964, 3467, 358, 252, 397, 338, 316, 504, 5, 473, 295, 940, 199, 616, 311, 958, 181, 409, 204, 94]"
34,16.674911499023438,0,92160000,"[401, 392, 394, 346, 1066, 198, 299, 688, 395, 579, 148, 1289, 395, 137, 391, 234, 300, 181, 310, 884, 342, 518, 383, 207, 259, 333, 393, 505, 471, 321, 391, 260, 368, 436, 187, 384, 206, 372, 1753, 405, 271, 177, 860, 207, 1004, 2778, 431, 294, 333, 444, 325, 513, 19, 416, 326, 1118, 183, 580, 353, 795, 242, 450, 231, 129]"
35,16.600543975830078,0,92120064,"[334, 338, 355, 318, 1103, 171, 264, 736, 281, 468, 186, 1794, 283, 148, 335, 193, 268, 183, 245, 923, 280, 480, 329, 160, 227, 333, 302, 458, 518, 305, 333, 193, 342, 329, 161, 314, 216, 425, 2175, 397, 239, 167, 828, 215, 980, 3449, 284, 239, 473, 324, 320, 419, 6, 470, 321, 921, 214, 587, 349, 1057, 220, 389, 201, 112]"
36,16.588640213012695,0,92132352,"[315, 425, 334, 309, 980, 173, 298, 621, 282, 467, 198, 1685, 352, 164, 334, 236, 283, 205, 286, 768, 280, 475, 336, 214, 244, 294, 343, 446, 418, 265, 339, 230, 327, 387, 178, 327, 230, 400, 2202, 366, 262, 144, 832, 194, 923, 3542, 359, 287, 466, 411, 368, 477, 9, 435, 341, 999, 196, 606, 357, 934, 199, 322, 190, 122]"
37,16.610559463500977,0,92156928,"[418, 326, 382, 316, 990, 176, 299, 611, 354, 593, 172, 1537, 353, 189, 357, 226, 308, 217, 311, 906, 250, 478, 339, 196, 257, 375, 411, 458, 465, 338, 332, 250, 301, 484, 201, 312, 208, 367, 2072, 383, 288, 186, 894, 236, 928, 3029, 361, 267, 310, 327, 363, 446, 12, 421, 349, 1073, 268, 607, 320, 851, 249, 324, 241, 131]"
38,16.68172836303711,0,92052480,"[303, 350, 354, 299, 978, 152, 288, 705, 326, 507, 175, 1775, 263, 154, 342, 259, 294, 194, 291, 742, 280, 523, 365, 176, 252, 337, 334, 398, 538, 286, 302, 240, 336, 407, 195, 369, 214, 337, 2285, 318, 248, 155, 846, 198, 895, 3602, 354, 276, 381, 372, 359, 471, 9, 360, 268, 1011, 208, 529, 357, 862, 232, 418, 194, 117]"
39,16.61942481994629,0,92092416,"[363, 391, 340, 326, 1112, 199, 311, 664, 303, 520, 177, 1608, 406, 132, 337, 219, 307, 237, 283, 847, 357, 455, 320, 191, 228, 308, 358, 396, 405, 294, 354, 272, 354, 350, 184, 311, 234, 431, 2070, 408, 276, 158, 929, 208, 969, 3306, 367, 252, 424, 315, 304, 471, 7, 472, 319, 953, 193, 559, 301, 961, 169, 380, 222, 101]"
40,16.667808532714844,0,92141568,"[444, 354, 386, 344, 935, 194, 279, 664, 395, 540, 178, 1588, 339, 155, 385, 251, 269, 230, 320, 803, 284, 535, 360, 224, 272, 347, 326, 401, 447, 291, 338, 266, 327, 455, 184, 321, 192, 317, 2153, 374, 301, 154, 750, 235, 941, 3082, 405, 278, 457, 375, 312, 467, 12, 367, 365, 1098, 207, 602, 323, 855, 231, 350, 224, 136]"
41,16.63408088684082,0,92153856,"[348, 371, 334, 285, 1131, 153, 303, 717, 290, 482, 170, 1823, 302, 111, 333, 222, 342, 182, 228, 744, 275, 634, 303, 184, 240, 286, 285, 440, 472, 282, 388, 212, 309, 397, 177, 309, 215, 316, 2255, 389, 258, 135, 810, 238, 906, 3683, 344, 205, 489, 346, 346, 436, 14, 368, 277, 995, 219, 632, 263, 964, 183, 357, 197, 94]"
42,16.629791259765625,0,92141568,"[304, 397, 327, 342, 927, 175, 269, 723, 320, 486, 161, 1852, 315, 140, 329, 197, 312, 177, 235, 812, 244, 491, 297, 206, 236, 289, 316, 475, 436, 299, 350, 222, 348, 370, 198, 351, 239, 429, 2319, 354, 262, 152, 855, 167, 962, 3481, 324, 253, 421, 376, 347, 521, 13, 451, 251, 1048, 197, 577, 261, 1015, 188, 310, 193, 100]"
43,16.680288314819336,0,92080128,"[374, 372, 332, 345, 951, 177, 273, 644, 328, 479, 188, 1930, 327, 102, 356, 217, 261, 212, 283, 781, 301, 449, 342, 165, 272, 296, 307, 462, 441, 304, 318, 229, 357, 372, 164, 344, 202, 335, 2439, 348, 302, 167, 727, 184, 941, 3523, 342, 267, 281, 389, 255, 466, 12, 420, 320, 994, 258, 616, 341, 895, 211, 360, 226, 98]"
44,16.596351623535156,0,92144640,"[407, 390, 380, 285, 1112, 195, 306, 784, 341, 556, 181, 1408, 393, 141, 393, 216, 390, 180, 268, 846, 306, 587, 314, 216, 254, 287, 343, 535, 417, 291, 312, 233, 370, 413, 233, 346, 229, 373, 1788, 364, 264, 150, 858, 213, 846, 3086, 368, 263, 436, 391, 317, 503, 8, 445, 334, 1067, 203, 646, 354, 886, 213, 388, 260, 113]"
45,16.686784744262695,0,92126208,"[316, 301, 417, 297, 890, 170, 301, 629, 372, 529, 144, 1882, 333, 148, 380, 248, 223, 197, 244, 700, 269, 549, 356, 176, 258, 274, 330, 425, 431, 329, 307, 225, 318, 414, 182, 320, 202, 392, 2318, 375, 298, 196, 799, 248, 902, 3339, 355, 276, 442, 335, 308, 506, 13, 387, 312, 1055, 218, 597, 358, 895, 183, 414, 260, 122]"
46,16.674560546875,0,92052480,"[430, 305, 357, 316, 938, 176, 294, 694, 369, 569, 200, 1698, 255, 150, 316, 232, 313, 232, 255, 727, 253, 531, 364, 178, 250, 351, 297, 406, 449, 320, 314, 228, 386, 461, 190, 347, 215, 357, 2302, 381, 279, 168, 815, 182, 865, 3476, 431, 257, 380, 371, 309, 400, 15, 429, 340, 997, 197, 570, 339, 831, 166, 397, 216, 129]"
47,16.636640548706055,0,92116992,"[325, 369, 293, 315, 987, 151, 292, 749, 332, 548, 169, 1709, 279, 144, 342, 230, 303, 196, 241, 815, 286, 612, 291, 187, 238, 280, 343, 501, 414, 263, 339, 208, 329, 384, 182, 407, 229, 391, 2122, 323, 251, 173, 812, 179, 911, 3649, 344, 238, 412, 386, 346, 474, 4, 439, 303, 1054, 241, 580, 317, 935, 201, 285, 219, 115]"
48,17.012544631958008,0,92064768,"[312, 304, 333, 291, 1017, 156, 289, 644, 341, 535, 144, 1856, 340, 162, 355, 244, 245, 201, 269, 782, 306, 575, 316, 190, 222, 324, 373, 419, 412, 271, 285, 232, 331, 394, 162, 354, 243, 326, 2232, 351, 274, 138, 826, 158, 900, 3703, 336, 287, 374, 335, 248, 454, 15, 444, 302, 1044, 245, 582, 334, 897, 203, 406, 224, 102]"
49,16.642431259155273,0,92113920,"[357, 424, 318, 321, 958, 197, 289, 633, 350, 580, 180, 1917, 310, 153, 314, 236, 193, 192, 281, 862, 271, 556, 296, 167, 251, 293, 343, 411, 444, 262, 346, 241, 351, 452, 172, 326, 181, 329, 2312, 364, 265, 160, 881, 178, 952, 3454, 345, 241, 286, 352, 274, 475, 8, 392, 317, 1076, 231, 540, 292, 904, 201, 430, 211, 87]"
50,16.614240646362305,0,92123136,"[312, 377, 360, 331, 886, 174, 312, 683, 338, 564, 160, 1653, 378, 160, 341, 250, 267, 217, 319, 743, 327, 490, 345, 175, 259, 322, 339, 451, 431, 277, 341, 261, 330, 503, 178, 342, 210, 326, 2256, 405, 273, 193, 765, 173, 979, 3488, 412, 281, 341, 438, 296, 407, 11, 424, 336, 1039, 161, 578, 283, 827, 176, 371, 226, 117]"
51,16.616640090942383,0,92061696,"[409, 286, 371, 318, 1127, 178, 283, 629, 343, 539, 194, 1801, 286, 149, 368, 165, 257, 228, 259, 815, 255, 512, 289, 180, 222, 290, 378, 446, 446, 267, 391, 239, 344, 405, 182, 328, 223, 411, 2128, 394, 248, 161, 832, 170, 912, 3414, 339, 266, 467, 358, 381, 478, 8, 463, 313, 986, 174, 577, 340, 877, 209, 386, 184, 90]"
52,16.631071090698242,0,92150784,"[358, 363, 333, 346, 975, 191, 308, 747, 353, 564, 172, 1822, 298, 136, 358, 216, 244, 228, 290, 732, 276, 532, 327, 184, 285, 281, 401, 439, 420, 320, 332, 224, 368, 398, 167, 372, 222, 360, 2237, 330, 276, 169, 832, 138, 779, 3406, 354, 278, 307, 361, 327, 477, 10, 409, 345, 1058, 234, 628, 281, 841, 194, 451, 218, 115]"
53,16.37606430053711,0,92116992,"[349, 336, 386, 326, 957, 194, 342, 605, 343, 558, 182, 1847, 333, 151, 406, 180, 252, 196, 278, 726, 277, 446, 350, 203, 257, 257, 340, 475, 440, 256, 336, 250, 359, 433, 204, 324, 217, 382, 2271, 375, 275, 177, 744, 219, 954, 3452, 370, 258, 440, 367, 273, 456, 13, 457, 340, 980, 221, 601, 317, 828, 182, 341, 216, 106]"
54,16.738752365112305,0,92055552,"[328, 358, 255, 276, 1022, 154, 265, 804, 308, 567, 143, 1984, 253, 121, 347, 239, 281, 169, 198, 802, 276, 475, 279, 167, 220, 260, 331, 457, 426, 269, 287, 201, 330, 363, 181, 371, 194, 355, 2513, 337, 242, 144, 776, 205, 934, 3957, 327, 213, 375, 346, 286, 367, 4, 395, 293, 923, 220, 570, 322, 990, 194, 410, 200, 107]"
55,16.659008026123047,0,92144640,"[307, 318, 354, 305, 906, 171, 295, 754, 352, 615, 164, 1683, 256, 146, 354, 221, 266, 203, 262, 827, 265, 497, 287, 191, 259, 247, 350, 425, 357, 316, 308, 227, 335, 406, 176, 320, 208, 435, 2286, 321, 223, 157, 785, 194, 911, 3808, 351, 269, 435, 368, 328, 440, 13, 359, 333, 1085, 194, 593, 271, 1045, 179, 351, 224, 104]"
56,16.64313507080078,0,92147712,"[365, 374, 353, 329, 935, 182, 293, 579, 344, 540, 159, 1818, 360, 151, 382, 223, 265, 213, 335, 773, 269, 503, 343, 162, 255, 266, 361, 392, 453, 280, 349, 266, 355, 416, 167, 312, 210, 348, 2397, 320, 269, 160, 825, 246, 883, 3430, 376, 301, 316, 371, 341, 482, 6, 395, 334, 1019, 197, 570, 307, 866, 199, 370, 210, 126]"
57,16.594911575317383,0,92147712,"[361, 310, 311, 314, 1020, 192, 282, 630, 334, 512, 161, 1799, 378, 163, 400, 211, 318, 205, 269, 679, 312, 398, 337, 198, 273, 301, 341, 357, 448, 314, 349, 251, 347, 431, 172, 355, 249, 371, 2360, 396, 267, 166, 809, 223, 819, 3355, 360, 268, 393, 346, 382, 473, 10, 427, 316, 987, 251, 594, 351, 872, 221, 344, 237, 116]"
58,16.62131118774414,0,92055552,"[329, 378, 367, 333, 1172, 207, 316, 788, 281, 497, 165, 1521, 348, 132, 375, 230, 303, 184, 267, 803, 260, 462, 346, 245, 252, 294, 384, 507, 475, 290, 332, 230, 357, 408, 234, 282, 242, 393, 1798, 362, 220, 148, 885, 180, 939, 3083, 349, 253, 488, 367, 303, 526, 6, 499, 341, 1130, 242, 672, 320, 916, 180, 382, 266, 122]"
59,16.659456253051758,0,92107776,"[309, 368, 344, 282, 1006, 171, 265, 787, 283, 472, 134, 1908, 363, 112, 325, 180, 250, 178, 272, 752, 347, 541, 293, 178, 224, 301, 341, 451, 473, 260, 309, 201, 301, 407, 150, 316, 178, 425, 2308, 271, 281, 157, 743, 139, 836, 3872, 299, 244, 415, 317, 355, 423, 8, 424, 315, 1019, 237, 639, 321, 973, 196, 422, 223, 89]"
60,16.713119506835938,0,92107776,"[376, 273, 322, 295, 1051, 169, 311, 739, 304, 544, 183, 1637, 401, 162, 400, 253, 302, 190, 256, 758, 346, 535, 347, 201, 284, 317, 371, 412, 431, 335, 344, 249, 333, 395, 161, 314, 244, 404, 2078, 358, 291, 155, 724, 229, 903, 3274, 373, 271, 435, 348, 301, 446, 9, 440, 368, 1039, 218, 616, 315, 820, 256, 403, 244, 120]"
61,16.592512130737305,0,91991040,"[318, 296, 350, 305, 960, 218, 313, 673, 380, 521, 163, 1736, 251, 103, 341, 197, 311, 172, 237, 817, 297, 467, 352, 194, 236, 293, 389, 486, 444, 292, 328, 231, 346, 330, 194, 360, 195, 384, 2293, 365, 297, 171, 857, 175, 868, 3698, 350, 259, 401, 337, 316, 380, 6, 431, 346, 974, 207, 621, 315, 870, 213, 383, 223, 109]"
62,16.625728607177734,0,92110848,"[342, 365, 369, 340, 1031, 200, 305, 684, 358, 446, 173, 1764, 356, 140, 346, 216, 319, 195, 285, 748, 294, 480, 302, 198, 228, 341, 375, 399, 453, 274, 381, 221, 300, 376, 196, 327, 231, 441, 2092, 401, 268, 152, 782, 197, 918, 3449, 362, 256, 424, 355, 380, 485, 14, 411, 316, 926, 239, 586, 372, 901, 231, 341, 226, 101]"
63,16.68230438232422,0,92129280,"[331, 337, 360, 320, 1011, 181, 298, 666, 334, 504, 164, 1718, 368, 139, 366, 216, 360, 209, 283, 778, 313, 505, 270, 204, 231, 254, 367, 472, 496, 342, 255, 226, 344, 363, 176, 318, 238, 391, 2250, 325, 269, 160, 737, 250, 865, 3490, 315, 254, 447, 288, 313, 482, 9, 519, 326, 1040, 214, 583, 316, 891, 232, 352, 254, 101]"
64,16.646944046020508,0,92095488,"[302, 395, 329, 289, 950, 174, 299, 671, 318, 520, 111, 1626, 401, 160, 349, 267, 295, 209, 284, 819, 285, 442, 338, 170, 221, 318, 401, 456, 408, 278, 353, 217, 351, 419, 161, 342, 201, 405, 2041, 409, 261, 148, 796, 253, 1049, 3627, 329, 241, 423, 324, 349, 504, 7, 439, 285, 884, 215, 653, 300, 1066, 216, 329, 203, 94]"
65,16.616352081298828,0,92024832,"[355, 387, 357, 302, 1062, 188, 297, 639, 375, 560, 175, 1743, 404, 158, 370, 176, 260, 208, 278, 755, 301, 495, 318, 215, 256, 275, 329, 446, 435, 275, 336, 249, 359, 419, 197, 296, 206, 363, 2193, 387, 273, 161, 798, 157, 925, 3441, 349, 293, 382, 353, 328, 419, 13, 367, 337, 1062, 189, 560, 401, 832, 163, 392, 234, 128]"
66,16.62335968017578,0,92055552,"[375, 339, 375, 330, 1029, 184, 317, 615, 318, 506, 178, 1533, 376, 118, 346, 231, 341, 196, 275, 823, 311, 498, 368, 175, 228, 281, 330, 523, 482, 283, 298, 217, 379, 406, 173, 310, 206, 329, 2011, 406, 290, 157, 905, 226, 1102, 3272, 298, 270, 530, 324, 269, 453, 13, 516, 323, 1040, 182, 578, 339, 963, 207, 374, 211, 105]"
67,16.659839630126953,0,92030976,"[326, 287, 342, 311, 988, 183, 246, 634, 327, 531, 176, 1909, 419, 185, 311, 262, 319, 207, 256, 668, 266, 463, 312, 183, 250, 258, 329, 406, 423, 321, 350, 227, 361, 438, 198, 338, 188, 371, 2355, 380, 248, 145, 805, 204, 961, 3561, 335, 267, 389, 357, 335, 458, 10, 460, 322, 918, 249, 490, 331, 887, 225, 369, 227, 101]"
68,16.629152297973633,0,92043264,"[381, 332, 354, 339, 964, 178, 302, 781, 320, 510, 173, 1501, 371, 164, 348, 243, 317, 188, 255, 759, 343, 522, 291, 220, 206, 296, 303, 405, 468, 304, 344, 228, 365, 432, 198, 340, 209, 398, 2098, 421, 307, 149, 743, 237, 966, 3304, 340, 261, 400, 371, 345, 506, 12, 470, 325, 1110, 202, 649, 314, 853, 215, 367, 233, 112]"
69,16.615039825439453,0,92141568,"[368, 401, 356, 308, 1119, 182, 309, 650, 368, 529, 178, 1776, 296, 165, 384, 234, 269, 199, 246, 794, 298, 530, 330, 185, 256, 252, 359, 447, 447, 289, 340, 227, 331, 413, 174, 298, 238, 344, 2255, 334, 263, 149, 759, 153, 911, 3290, 374, 291, 342, 395, 329, 426, 13, 372, 332, 1098, 214, 557, 366, 920, 219, 414, 205, 124]"
70,16.62063980102539,0,92098560,"[391, 334, 326, 289, 950, 165, 274, 595, 290, 443, 170, 1949, 379, 143, 346, 205, 252, 187, 290, 712, 312, 425, 329, 182, 241, 265, 356, 424, 474, 253, 335, 215, 379, 384, 170, 323, 194, 317, 2378, 365, 288, 153, 769, 212, 1038, 3694, 342, 244, 444, 375, 283, 518, 11, 485, 386, 887, 193, 546, 300, 900, 214, 371, 224, 92]"
71,16.5894718170166,0,92067840,"[385, 398, 394, 306, 1056, 196, 260, 642, 365, 510, 135, 1784, 350, 183, 345, 193, 213, 206, 273, 784, 302, 501, 336, 218, 241, 287, 297, 418, 370, 275, 355, 226, 337, 465, 186, 339, 202, 382, 2234, 448, 255, 150, 774, 214, 1007, 3388, 365, 237, 357, 364, 266, 424, 8, 421, 327, 1039, 207, 611, 366, 893, 176, 402, 214, 108]"
72,16.645280838012695,0,92089344,"[379, 351, 368, 301, 896, 179, 303, 670, 384, 544, 157, 1565, 276, 133, 422, 238, 279, 227, 253, 793, 288, 586, 349, 212, 263, 365, 368, 453, 443, 290, 309, 250, 424, 405, 201, 361, 223, 361, 2055, 370, 272, 157, 828, 212, 906, 3231, 396, 282, 424, 434, 340, 442, 6, 524, 344, 1071, 228, 574, 306, 829, 210, 375, 182, 110]"
73,16.620479583740234,0,91994112,"[334, 407, 306, 326, 1005, 181, 279, 777, 322, 461, 145, 1729, 278, 131, 296, 220, 315, 211, 257, 856, 269, 517, 321, 173, 233, 314, 349, 499, 401, 232, 334, 233, 370, 384, 155, 349, 207, 368, 2141, 313, 291, 130, 888, 211, 1007, 3574, 321, 225, 347, 374, 312, 466, 9, 503, 324, 1024, 241, 675, 246, 944, 192, 346, 197, 101]"
74,16.643552780151367,0,92156928,"[415, 372, 330, 308, 1060, 182, 339, 594, 296, 509, 184, 1942, 328, 132, 309, 242, 319, 185, 234, 691, 298, 460, 306, 193, 234, 251, 411, 503, 440, 273, 311, 203, 338, 379, 177, 293, 240, 470, 2334, 371, 243, 139, 802, 173, 944, 3345, 318, 210, 411, 358, 366, 526, 10, 530, 338, 972, 220, 535, 312, 870, 209, 389, 203, 120]"
75,16.639616012573242,0,92141568,"[361, 385, 424, 307, 1006, 183, 246, 599, 405, 644, 126, 1719, 272, 158, 387, 234, 224, 220, 297, 741, 272, 563, 396, 197, 318, 317, 344, 448, 431, 276, 336, 242, 362, 475, 169, 427, 206, 347, 2226, 391, 303, 182, 773, 218, 817, 3263, 429, 301, 345, 360, 316, 431, 14, 432, 310, 1021, 195, 544, 337, 764, 212, 390, 224, 132]"
76,16.631935119628906,0,92126208,"[306, 358, 375, 333, 960, 191, 297, 746, 367, 554, 166, 1751, 351, 161, 350, 221, 267, 193, 248, 806, 300, 506, 340, 198, 285, 277, 281, 430, 347, 250, 367, 216, 316, 437, 160, 351, 226, 334, 2225, 364, 245, 162, 774, 202, 1017, 3546, 394, 269, 407, 374, 294, 387, 9, 367, 311, 1012, 212, 623, 323, 940, 202, 376, 211, 121]"
77,22.04627227783203,0,92123136,"[299, 347, 280, 337, 1116, 160, 255, 774, 260, 466, 146, 1859, 290, 112, 323, 139, 253, 176, 191, 884, 274, 516, 302, 155, 222, 299, 298, 525, 416, 248, 397, 195, 349, 357, 146, 319, 196, 326, 2213, 393, 248, 122, 905, 215, 999, 3812, 302, 204, 346, 319, 305, 496, 15, 436, 298, 1011, 242, 620, 321, 1076, 226, 384, 186, 87]"
78,16.6147518157959,0,92080128,"[361, 425, 337, 289, 1006, 154, 293, 753, 308, 524, 202, 1798, 332, 117, 346, 235, 268, 160, 271, 788, 277, 551, 352, 168, 222, 250, 360, 428, 453, 305, 258, 215, 320, 390, 163, 294, 209, 334, 2130, 358, 283, 171, 862, 172, 1041, 3650, 342, 244, 409, 373, 370, 443, 4, 440, 322, 963, 204, 650, 309, 925, 168, 360, 169, 96]"
79,16.620704650878906,0,92138496,"[372, 392, 369, 297, 878, 157, 265, 687, 374, 531, 148, 1836, 283, 130, 324, 184, 278, 209, 274, 783, 285, 573, 348, 183, 241, 308, 336, 456, 381, 297, 367, 236, 333, 363, 197, 363, 206, 355, 2266, 356, 255, 136, 755, 169, 971, 3368, 392, 302, 360, 410, 310, 490, 8, 451, 363, 1080, 261, 554, 319, 951, 212, 358, 198, 99]"
80,16.650527954101562,0,92116992,"[370, 402, 342, 271, 1013, 171, 289, 741, 299, 459, 180, 1732, 336, 137, 303, 222, 278, 189, 252, 831, 300, 532, 279, 171, 244, 295, 358, 473, 446, 242, 335, 210, 337, 373, 181, 385, 203, 369, 2089, 329, 253, 120, 860, 171, 966, 3879, 342, 197, 407, 377, 311, 417, 6, 449, 272, 984, 204, 683, 318, 954, 182, 392, 182, 92]"
81,16.596607208251953,0,92110848,"[348, 378, 332, 306, 969, 184, 251, 620, 326, 500, 171, 1641, 297, 158, 359, 243, 299, 224, 310, 785, 275, 479, 360, 203, 286, 255, 313, 392, 447, 289, 362, 204, 379, 386, 184, 381, 223, 415, 2202, 433, 272, 149, 814, 227, 975, 3267, 349, 247, 445, 352, 315, 479, 18, 475, 364, 1010, 235, 591, 347, 950, 191, 380, 244, 119]"
82,16.613887786865234,0,92073984,"[324, 347, 349, 328, 970, 186, 290, 611, 356, 518, 136, 1742, 310, 131, 364, 213, 298, 213, 311, 811, 312, 547, 326, 196, 243, 265, 338, 370, 372, 316, 394, 237, 341, 390, 205, 312, 228, 366, 2096, 346, 231, 139, 807, 198, 940, 3608, 397, 241, 350, 406, 330, 464, 9, 458, 306, 1049, 311, 636, 335, 870, 241, 330, 225, 83]"
83,16.638784408569336,0,92113920,"[291, 407, 343, 329, 794, 159, 257, 747, 279, 552, 189, 1741, 305, 149, 346, 221, 311, 199, 290, 777, 260, 490, 288, 180, 254, 311, 319, 407, 466, 299, 289, 230, 391, 430, 194, 344, 217, 313, 2161, 330, 278, 167, 791, 189, 994, 3952, 361, 245, 358, 333, 315, 416, 11, 476, 331, 1040, 181, 563, 271, 996, 201, 307, 219, 131]"
84,20.106752395629883,0,92040192,"[273, 388, 374, 345, 1018, 160, 305, 761, 352, 529, 160, 1707, 373, 159, 334, 245, 299, 204, 271, 841, 312, 481, 340, 169, 273, 300, 337, 421, 423, 295, 315, 235, 323, 389, 187, 378, 205, 421, 2046, 343, 258, 165, 847, 109, 833, 3474, 342, 268, 412, 379, 324, 487, 8, 466, 375, 1091, 193, 455, 335, 951, 131, 389, 242, 136]"
85,16.666015625,0,92153856,"[285, 313, 329, 375, 1024, 208, 284, 781, 338, 473, 183, 1881, 324, 127, 369, 244, 304, 202, 250, 884, 254, 459, 332, 180, 223, 270, 334, 434, 391, 232, 340, 239, 347, 378, 180, 335, 225, 368, 2204, 362, 267, 141, 807, 186, 913, 3530, 351, 274, 374, 345, 340, 462, 17, 471, 320, 942, 219, 581, 334, 989, 193, 387, 178, 112]"
86,16.674560546875,0,92095488,"[335, 416, 340, 294, 1012, 167, 293, 716, 348, 441, 168, 1807, 323, 141, 311, 223, 310, 192, 219, 846, 293, 554, 297, 194, 211, 278, 306, 459, 383, 309, 311, 233, 310, 444, 195, 290, 202, 353, 2369, 287, 248, 153, 818, 143, 917, 3927, 349, 249, 436, 393, 333, 423, 12, 336, 274, 970, 201, 515, 314, 1002, 129, 375, 176, 106]"
87,16.68332862854004,0,92129280,"[363, 349, 279, 310, 1025, 157, 277, 619, 367, 481, 171, 1821, 346, 143, 303, 199, 231, 202, 254, 930, 196, 509, 342, 183, 279, 347, 326, 429, 413, 286, 314, 217, 321, 431, 153, 362, 184, 404, 2202, 364, 246, 153, 844, 217, 977, 3657, 332, 268, 376, 350, 301, 501, 7, 336, 315, 985, 231, 621, 297, 988, 231, 361, 207, 100]"
88,16.629215240478516,0,92052480,"[317, 400, 388, 303, 973, 191, 337, 765, 347, 568, 206, 1473, 330, 161, 359, 323, 300, 217, 269, 790, 293, 491, 327, 220, 270, 279, 333, 452, 446, 254, 303, 262, 360, 403, 185, 415, 234, 379, 1985, 381, 288, 177, 870, 162, 868, 3253, 376, 245, 411, 408, 348, 500, 10, 439, 346, 1059, 216, 575, 344, 847, 211, 386, 238, 99]"
89,16.584192276000977,0,92110848,"[327, 347, 376, 319, 1101, 193, 312, 672, 266, 484, 199, 1589, 388, 128, 347, 283, 299, 189, 246, 838, 335, 475, 338, 194, 258, 313, 339, 358, 489, 311, 339, 211, 330, 446, 221, 303, 225, 391, 2004, 399, 243, 129, 771, 228, 894, 3410, 366, 225, 445, 338, 299, 486, 10, 489, 285, 1085, 243, 595, 415, 938, 186, 378, 223, 121]"
90,16.57855987548828,0,92077056,"[356, 360, 360, 300, 969, 165, 277, 788, 333, 536, 174, 1820, 259, 149, 399, 222, 288, 185, 248, 872, 221, 509, 317, 202, 245, 281, 420, 330, 430, 314, 342, 244, 372, 378, 177, 370, 225, 376, 2299, 368, 312, 170, 748, 196, 910, 3468, 325, 264, 336, 330, 359, 484, 16, 439, 309, 935, 198, 541, 364, 974, 186, 351, 177, 101]"
91,16.741247177124023,0,92123136,"[327, 461, 382, 359, 1104, 204, 326, 650, 377, 499, 205, 1456, 393, 176, 356, 216, 307, 215, 303, 753, 346, 569, 324, 222, 237, 303, 366, 469, 423, 324, 384, 246, 357, 464, 218, 377, 233, 377, 1831, 442, 266, 162, 764, 246, 920, 2953, 402, 299, 414, 361, 328, 513, 8, 489, 329, 1060, 216, 511, 346, 857, 264, 356, 221, 122]"
92,16.578367233276367,0,92086272,"[326, 355, 344, 354, 959, 179, 310, 634, 344, 521, 150, 1718, 370, 128, 374, 195, 299, 204, 304, 799, 299, 473, 361, 207, 238, 287, 280, 447, 503, 251, 333, 226, 376, 391, 184, 315, 212, 426, 2095, 352, 269, 143, 837, 269, 962, 3197, 339, 266, 457, 378, 321, 506, 15, 452, 362, 1062, 215, 604, 322, 937, 214, 381, 228, 117]"
93,16.662431716918945,0,92080128,"[341, 335, 357, 315, 1019, 164, 338, 706, 315, 512, 155, 1521, 312, 170, 382, 214, 281, 198, 330, 788, 342, 588, 337, 162, 238, 316, 355, 438, 444, 329, 343, 234, 369, 441, 212, 350, 238, 366, 1915, 396, 272, 161, 904, 210, 947, 3479, 362, 266, 439, 418, 324, 441, 10, 478, 326, 1062, 186, 524, 330, 778, 244, 312, 221, 114]"
94,16.613567352294922,0,92049408,"[347, 406, 300, 273, 968, 182, 260, 641, 308, 486, 168, 1970, 333, 127, 328, 195, 283, 201, 229, 705, 256, 573, 313, 148, 226, 250, 339, 389, 400, 297, 339, 242, 323, 365, 137, 332, 196, 366, 2414, 407, 264, 147, 773, 210, 1058, 3895, 380, 241, 352, 393, 307, 392, 13, 360, 291, 996, 176, 642, 310, 862, 220, 334, 238, 88]"
95,16.585567474365234,0,92052480,"[311, 368, 310, 324, 1005, 172, 315, 684, 301, 551, 160, 1609, 328, 164, 328, 220, 354, 195, 273, 789, 312, 475, 354, 206, 226, 313, 357, 482, 486, 343, 372, 224, 350, 360, 206, 344, 224, 374, 2090, 337, 296, 152, 784, 264, 892, 3365, 362, 273, 442, 344, 342, 564, 11, 490, 303, 1017, 224, 573, 312, 922, 177, 335, 216, 109]"
96,16.52911949157715,0,92095488,"[311, 353, 329, 313, 1157, 191, 310, 547, 266, 459, 132, 2007, 360, 131, 359, 215, 258, 219, 226, 832, 280, 497, 273, 173, 219, 293, 311, 369, 500, 290, 352, 224, 304, 403, 143, 325, 219, 378, 2361, 352, 231, 155, 760, 200, 839, 3755, 327, 270, 429, 311, 267, 497, 8, 400, 324, 1035, 196, 547, 331, 953, 162, 444, 211, 86]"
97,16.73161506652832,0,92092416,"[345, 311, 328, 322, 1029, 187, 304, 619, 344, 554, 206, 1467, 380, 150, 371, 234, 291, 201, 270, 840, 218, 595, 344, 201, 253, 300, 344, 461, 406, 283, 359, 215, 323, 435, 192, 347, 249, 370, 2000, 373, 300, 156, 828, 224, 1057, 3479, 347, 278, 383, 363, 331, 440, 12, 494, 305, 975, 212, 597, 350, 908, 220, 371, 219, 108]"
98,16.68160057067871,0,92095488,"[372, 300, 338, 342, 1072, 176, 303, 645, 385, 486, 156, 1612, 327, 162, 381, 193, 254, 193, 226, 842, 233, 436, 314, 203, 230, 312, 322, 439, 387, 300, 327, 211, 333, 462, 186, 374, 205, 331, 2225, 416, 307, 174, 730, 285, 1006, 3541, 351, 245, 458, 343, 311, 481, 7, 426, 329, 987, 219, 616, 296, 1005, 162, 371, 207, 111]"
99,16.699615478515625,0,92123136,"[312, 354, 364, 324, 919, 184, 256, 714, 375, 492, 180, 1737, 342, 168, 373, 218, 243, 213, 275, 793, 307, 508, 343, 219, 255, 329, 318, 349, 363, 292, 329, 248, 357, 442, 232, 397, 224, 387, 2195, 392, 294, 189, 820, 233, 859, 3358, 386, 306, 387, 379, 284, 455, 6, 402, 376, 1037, 286, 506, 323, 909, 217, 323, 220, 111]"
100,16.66326332092285,0,92034048,"[353, 468, 339, 278, 1162, 174, 259, 673, 272, 479, 173, 1576, 373, 141, 365, 220, 328, 183, 239, 887, 334, 550, 328, 153, 233, 297, 327, 500, 499, 268, 332, 210, 368, 345, 150, 330, 222, 334, 1858, 355, 213, 166, 831, 211, 1031, 3615, 261, 247, 368, 368, 348, 463, 11, 494, 271, 994, 257, 654, 295, 964, 186, 444, 247, 85]"
101,16.680192947387695,0,92132352,"[397, 366, 367, 322, 1029, 158, 281, 676, 348, 505, 156, 1641, 355, 128, 366, 273, 284, 188, 303, 821, 261, 507, 338, 187, 272, 306, 361, 418, 448, 274, 365, 253, 336, 411, 188, 312, 208, 369, 2257, 373, 299, 132, 869, 167, 939, 3216, 392, 279, 387, 378, 310, 511, 12, 445, 331, 990, 216, 593, 331, 961, 180, 350, 196, 99]"
102,16.67568016052246,0,92144640,"[363, 352, 380, 313, 1050, 148, 261, 682, 339, 494, 122, 1790, 317, 144, 313, 209, 291, 216, 247, 823, 295, 583, 323, 202, 246, 299, 298, 427, 393, 265, 327, 230, 326, 360, 198, 364, 202, 426, 2085, 363, 297, 161, 843, 151, 992, 3423, 370, 226, 486, 371, 320, 484, 6, 413, 307, 999, 207, 650, 309, 1021, 226, 326, 212, 129]"
